MAE: 5.392718846118382
RMSE: 6.988105169119399
R2: 0.6619426487000337
