MAE: 2.444432496080798
RMSE: 3.245333764448575
R2: 0.9270894698582506
