MAE: 6.217275650806461
RMSE: 8.009002892266821
R2: 0.5559535312992061
