MAE: 5.816980891585543
RMSE: 7.417186351459312
R2: 0.619153618812561
